distinct
name myNumMixed
type string
height 4

Random0 has 1 10 100 1000 101 102 103 104 105 106 
Random1 has 107 108 109 11 110 111 112 113 114 115 
Random2 has 116 117 118 119 12 120 121 122 123 124 
Random3 has 125 126 127 128 129 13 130 131 133 134 
Random4 has 135 136 137 138 139 14 140 141 142 143 
Random5 has 144 145 146 147 148 149 15 150 151 152 
Random6 has 153 155 156 157 158 159 16 160 161 162 
Random7 has 163 164 165 166 167 168 169 17 170 171 
Random8 has 172 173 174 175 176 177 178 179 18 180 
Random9 has 181 182 183 184 185 186 187 188 189 19 
Random10 has 190 191 192 193 194 195 196 197 198 199 
Random11 has 2 20 200 201 202 203 205 206 207 208 
Random12 has 21 211 212 213 214 215 216 217 218 219 
Random13 has 22 220 221 222 223 224 225 226 227 228 
Random14 has 23 230 231 232 233 234 235 236 237 238 
Random15 has 239 24 240 241 242 243 244 245 246 247 
Random16 has 248 249 25 250 251 252 253 254 255 256 
Random17 has 257 258 259 260 261 262 263 264 265 266 
Random18 has 267 268 269 27 270 271 272 273 274 275 
Random19 has 276 277 279 28 280 281 282 283 284 285 
Random20 has 286 287 288 289 29 290 291 292 293 294 
Random21 has 296 297 298 299 3 30 300 301 302 303 
Random22 has 304 305 306 307 308 309 31 310 311 312 
Random23 has 313 314 315 316 317 318 319 32 320 321 
Random24 has 322 323 324 325 326 327 328 329 33 330 
Random25 has 331 332 333 334 335 336 337 338 339 34 
Random26 has 340 341 343 344 345 346 347 348 349 35 
Random27 has 350 351 352 354 355 356 357 358 359 36 
Random28 has 360 361 362 363 365 366 367 368 369 37 
Random29 has 370 371 372 373 374 375 376 377 378 379 
Random30 has 38 380 381 382 383 384 385 386 387 388 
Random31 has 39 390 391 392 393 394 395 397 398 399 
Random32 has 4 40 400 401 402 403 404 405 406 407 
Random33 has 408 409 41 410 411 412 413 414 415 416 
Random34 has 417 418 419 42 420 421 422 423 424 425 
Random35 has 426 428 429 430 431 432 433 434 435 436 
Random36 has 437 438 439 44 440 441 442 443 444 445 
Random37 has 446 447 448 449 45 450 451 452 453 454 
Random38 has 455 456 457 458 459 46 460 461 462 463 
Random39 has 464 465 466 467 468 469 47 470 471 472 
Random40 has 473 474 475 476 477 478 479 48 480 481 
Random41 has 482 483 484 485 486 487 488 489 49 490 
Random42 has 491 492 493 494 495 496 497 498 499 5 
Random43 has 50 500 501 502 503 504 505 507 508 509 
Random44 has 51 510 511 512 513 514 515 516 517 518 
Random45 has 519 52 520 521 522 523 524 526 527 528 
Random46 has 529 53 530 531 532 533 534 535 536 537 
Random47 has 538 539 54 540 541 542 543 544 545 546 
Random48 has 547 548 549 55 550 551 552 553 554 555 
Random49 has 556 557 558 559 56 560 561 562 563 564 
Random50 has 565 566 567 568 569 57 570 572 573 574 
Random51 has 575 576 577 578 579 58 580 581 582 583 
Random52 has 584 585 587 588 589 59 590 591 592 593 
Random53 has 594 595 596 597 598 599 6 60 600 601 
Random54 has 602 603 604 605 606 607 608 609 61 611 
Random55 has 612 613 614 615 617 618 619 62 620 621 
Random56 has 622 623 624 625 626 627 628 629 63 630 
Random57 has 631 632 633 634 635 636 637 638 639 64 
Random58 has 640 641 642 643 644 645 646 648 649 65 
Random59 has 650 652 653 654 655 656 657 658 659 66 
Random60 has 660 661 662 663 664 665 666 667 668 669 
Random61 has 67 670 671 672 674 675 676 677 678 679 
Random62 has 68 680 681 682 683 684 685 686 687 688 
Random63 has 689 69 690 691 692 693 694 695 696 697 
Random64 has 699 70 700 701 702 703 704 705 706 707 
Random65 has 708 709 71 710 711 712 713 714 715 716 
Random66 has 717 718 719 72 720 721 722 723 724 725 
Random67 has 726 727 728 729 73 730 731 732 733 734 
Random68 has 735 736 737 738 739 74 740 741 742 743 
Random69 has 744 745 746 747 748 749 75 750 751 752 
Random70 has 753 754 755 757 758 76 760 761 762 763 
Random71 has 764 765 766 767 768 769 77 772 773 774 
Random72 has 775 776 777 778 779 78 780 781 782 783 
Random73 has 784 785 786 788 789 79 790 791 792 793 
Random74 has 794 795 796 797 798 799 8 80 800 801 
Random75 has 802 803 804 805 806 807 808 809 81 810 
Random76 has 811 812 813 814 815 816 817 818 819 82 
Random77 has 820 821 822 823 824 825 826 827 828 829 
Random78 has 83 831 832 833 834 835 837 838 839 84 
Random79 has 840 841 842 843 844 845 846 847 848 849 
Random80 has 85 850 852 853 854 855 856 857 858 859 
Random81 has 86 860 861 862 863 864 865 866 867 868 
Random82 has 869 87 870 871 872 873 874 875 876 877 
Random83 has 878 879 88 880 881 882 883 884 885 886 
Random84 has 887 888 889 89 890 891 892 893 894 895 
Random85 has 896 897 898 899 90 900 902 903 905 906 
Random86 has 907 908 909 91 910 911 912 913 914 915 
Random87 has 916 917 918 919 92 920 921 923 924 925 
Random88 has 926 927 928 929 93 930 931 932 933 934 
Random89 has 935 936 937 938 939 94 940 941 942 943 
Random90 has 944 945 946 947 948 949 95 950 951 952 
Random91 has 953 954 955 956 957 958 959 96 960 961 
Random92 has 962 963 964 965 966 967 969 97 970 971 
Random93 has 972 973 974 975 976 977 978 979 98 980 
Random94 has 981 982 983 984 985 986 987 988 989 99 
Random95 has 990 992 993 995 996 997 998 999 

Random96 has Random0 Random1 Random2 Random3 Random4 Random5 Random6 Random7 Random8 Random9 
Random97 has Random10 Random11 Random12 Random13 Random14 Random15 Random16 Random17 Random18 Random19 
Random98 has Random20 Random21 Random22 Random23 Random24 Random25 Random26 Random27 Random28 Random29 
Random99 has Random30 Random31 Random32 Random33 Random34 Random35 Random36 Random37 Random38 Random39 
Random100 has Random40 Random41 Random42 Random43 Random44 Random45 Random46 Random47 Random48 Random49 
Random101 has Random50 Random51 Random52 Random53 Random54 Random55 Random56 Random57 Random58 Random59 
Random102 has Random60 Random61 Random62 Random63 Random64 Random65 Random66 Random67 Random68 Random69 
Random103 has Random70 Random71 Random72 Random73 Random74 Random75 Random76 Random77 Random78 Random79 
Random104 has Random80 Random81 Random82 Random83 Random84 Random85 Random86 Random87 Random88 Random89 
Random105 has Random90 Random91 Random92 Random93 Random94 Random95 

Random106 has Random96 Random97 Random98 Random99 Random100 Random101 Random102 Random103 Random104 Random105 

